Original IRFs from Kuester, Wieland extracted from the file Awm_paper_IR.fig


Output Gap:
-0.047207300399316
-0.138346259021427
-0.160010391019551
-0.182780498793535
-0.188529732331449
-0.188441341033216
-0.186929285490781
-0.183465961253822
-0.180063058805439
-0.172437198975179
-0.164555584914428
-0.152944426267552
-0.14032882119507
-0.127223922602118
-0.113618279090282
-0.099972572987837
-0.085708001788614
-0.071628239675617
-0.057268266335929
-0.043185542232334
-0.029548909408227
-0.016442463676651
-0.004008803170423
0.007790065593761


Inflation:
-0.012127540233891
-0.021261858676938
-0.026926205904481
-0.032763894566986
-0.029910593317214
-0.03111496257275
-0.036616555296615
-0.042958198641123
-0.047763212952885
-0.053058302223233
-0.058875156794611
-0.064737087047776
-0.069836773845675
-0.074375260101994
-0.078362839946757
-0.081891712369812
-0.084754597946144
-0.08692935852608
-0.088372484803306
-0.089048307476888


Interest:
1.000008673941932
0.621198835833971
0.378827997255151
0.216591824482304
0.100149108174913
0.020673415410874
-0.033697917355646
-0.071842106019447
-0.101643656498843
-0.124637167701271
-0.142581322148074
-0.156077851106714
-0.166758387093997
-0.175157226919829
-0.181491033706892
-0.185938255733086
-0.188746344222824
-0.190053795082249
-0.189716923477941
-0.187706810373378
-0.184118147341826
-0.179042260877675
-0.17252299598711
-0.164593297228168
-0.155371437245669