FM
      QTR       Y         PI         R        DR
    1.0000    0.9697    0.8951    0.9675    0.5181
    2.0000    0.9127    0.8176    0.9013    0.2451
    3.0000    0.8452    0.7144    0.8191    0.0834
    4.0000    0.7747    0.6113    0.7316    0.0016
    5.0000    0.7044    0.5302    0.6439   -0.0447
    6.0000    0.6360    0.4461    0.5592   -0.0683
    7.0000    0.5699    0.3704    0.4788   -0.0808
    8.0000    0.5067    0.3016    0.4038   -0.0884
    9.0000    0.4465    0.2387    0.3344   -0.0916
   10.0000    0.3896    0.1825    0.2711   -0.0925
   11.0000    0.3362    0.1325    0.2137   -0.0916
   12.0000    0.2864    0.0885    0.1623   -0.0893
   13.0000    0.2403    0.0503    0.1167   -0.0860
   14.0000    0.1979    0.0176    0.0767   -0.0819
   15.0000    0.1594   -0.0101    0.0421   -0.0771
   16.0000    0.1247   -0.0330    0.0124   -0.0719
   17.0000    0.0936   -0.0516   -0.0126   -0.0664
   18.0000    0.0661   -0.0663   -0.0332   -0.0608
   19.0000    0.0421   -0.0775   -0.0500   -0.0550
   20.0000    0.0213   -0.0856   -0.0631   -0.0493
   21.0000    0.0036   -0.0909   -0.0730   -0.0438
   22.0000   -0.0112   -0.0938   -0.0801   -0.0384
   23.0000   -0.0235   -0.0947   -0.0847   -0.0332
   24.0000   -0.0333   -0.0939   -0.0871   -0.0284
   25.0000   -0.0409   -0.0916   -0.0877   -0.0239
   26.0000   -0.0466   -0.0882   -0.0867   -0.0197
   27.0000   -0.0506   -0.0839   -0.0844   -0.0159
   28.0000   -0.0531   -0.0789   -0.0811   -0.0125
   29.0000   -0.0544   -0.0734   -0.0770   -0.0094
   30.0000   -0.0545   -0.0675   -0.0723   -0.0066
   31.0000   -0.0536   -0.0615   -0.0672   -0.0042
   32.0000   -0.0521   -0.0555   -0.0617   -0.0021
   33.0000   -0.0499   -0.0495   -0.0562   -0.0004
   34.0000   -0.0472   -0.0437   -0.0506    0.0011
   35.0000   -0.0442   -0.0381   -0.0451    0.0023
   36.0000   -0.0410   -0.0328   -0.0397    0.0033
   37.0000   -0.0376   -0.0279   -0.0346    0.0041
   38.0000   -0.0341   -0.0232   -0.0297    0.0047
   39.0000   -0.0306   -0.0190   -0.0252    0.0051
   40.0000   -0.0272   -0.0151   -0.0209    0.0053

FRB

    1.0000    0.9306    0.5873    0.9197    0.2024
    2.0000    0.8290    0.4436    0.8070    0.1737
    3.0000    0.7013    0.3063    0.6663    0.0527
    4.0000    0.5651    0.2235    0.5172   -0.0555
    5.0000    0.4348    0.1641    0.3771   -0.1126
    6.0000    0.3189    0.1257    0.2549   -0.1332
    7.0000    0.2209    0.1006    0.1542   -0.1253
    8.0000    0.1401    0.0849    0.0736   -0.1130
    9.0000    0.0751    0.0755    0.0111   -0.0968
   10.0000    0.0239    0.0701   -0.0358   -0.0791
   11.0000   -0.0158    0.0671   -0.0700   -0.0624
   12.0000   -0.0462    0.0655   -0.0942   -0.0481
   13.0000   -0.0691    0.0645   -0.1107   -0.0363
   14.0000   -0.0859    0.0636   -0.1214   -0.0272
   15.0000   -0.0978    0.0625   -0.1277   -0.0203
   16.0000   -0.1056    0.0610   -0.1307   -0.0154
   17.0000   -0.1101    0.0591   -0.1313   -0.0119
   18.0000   -0.1116    0.0567   -0.1299   -0.0094
   19.0000   -0.1106    0.0539   -0.1271   -0.0075
   20.0000   -0.1076    0.0508   -0.1230   -0.0061
   21.0000   -0.1027    0.0475   -0.1180   -0.0048
   22.0000   -0.0964    0.0442   -0.1122   -0.0037
   23.0000   -0.0889    0.0409   -0.1057   -0.0027
   24.0000   -0.0807    0.0377   -0.0989   -0.0016
   25.0000   -0.0719    0.0346   -0.0918   -0.0007
   26.0000   -0.0629    0.0317   -0.0846    0.0002
   27.0000   -0.0538    0.0290   -0.0774    0.0009
   28.0000   -0.0450    0.0265   -0.0703    0.0016
   29.0000   -0.0365    0.0242   -0.0636    0.0021
   30.0000   -0.0286    0.0221   -0.0571    0.0025
   31.0000   -0.0213    0.0201   -0.0511    0.0028
   32.0000   -0.0146    0.0184   -0.0455    0.0030
   33.0000   -0.0087    0.0167   -0.0404    0.0030
   34.0000   -0.0036    0.0152   -0.0357    0.0030
   35.0000    0.0008    0.0137   -0.0316    0.0029
   36.0000    0.0045    0.0124   -0.0279    0.0028
   37.0000    0.0075    0.0111   -0.0247    0.0027
   38.0000    0.0099    0.0099   -0.0219    0.0025
   39.0000    0.0117    0.0088   -0.0195    0.0022
   40.0000    0.0130    0.0077   -0.0175    0.0020

MSR
    1.0000    0.8639    0.8670    0.8680    0.2839
    2.0000    0.6386    0.7999    0.6612   -0.1839
    3.0000    0.4491    0.7108    0.5028   -0.2178
    4.0000    0.3118    0.5926    0.4019   -0.1037
    5.0000    0.2041    0.5442    0.3284   -0.0764
    6.0000    0.1225    0.4788    0.2751   -0.0746
    7.0000    0.0685    0.4252    0.2414   -0.0513
    8.0000    0.0362    0.3844    0.2213   -0.0249
    9.0000    0.0177    0.3465    0.2078   -0.0106
   10.0000    0.0079    0.3146    0.1970   -0.0047
   11.0000    0.0038    0.2872    0.1876   -0.0008
   12.0000    0.0029    0.2629    0.1783    0.0016
   13.0000    0.0036    0.2414    0.1686    0.0019
   14.0000    0.0047    0.2221    0.1584    0.0011
   15.0000    0.0058    0.2047    0.1479    0.0002
   16.0000    0.0066    0.1888    0.1374   -0.0006
   17.0000    0.0071    0.1743    0.1270   -0.0014
   18.0000    0.0073    0.1609    0.1170   -0.0019
   19.0000    0.0072    0.1486    0.1075   -0.0022
   20.0000    0.0070    0.1372    0.0986   -0.0024
   21.0000    0.0067    0.1267    0.0903   -0.0024
   22.0000    0.0063    0.1169    0.0827   -0.0023
   23.0000    0.0059    0.1079    0.0757   -0.0022
   24.0000    0.0055    0.0996    0.0693   -0.0021
   25.0000    0.0051    0.0919    0.0634   -0.0019
   26.0000    0.0047    0.0848    0.0580   -0.0017
   27.0000    0.0043    0.0783    0.0530   -0.0016
   28.0000    0.0040    0.0722    0.0485   -0.0014
   29.0000    0.0037    0.0666    0.0444   -0.0013
   30.0000    0.0034    0.0615    0.0406   -0.0012
   31.0000    0.0032    0.0567    0.0371   -0.0011
   32.0000    0.0029    0.0524    0.0339   -0.0010
   33.0000    0.0027    0.0484    0.0309   -0.0009
   34.0000    0.0025    0.0447    0.0282   -0.0008
   35.0000    0.0023    0.0412    0.0257   -0.0008
   36.0000    0.0021    0.0381    0.0234   -0.0007
   37.0000    0.0020    0.0352    0.0213   -0.0006
   38.0000    0.0018    0.0325    0.0194   -0.0006
   39.0000    0.0017    0.0301    0.0176   -0.0005
   40.0000    0.0015    0.0278    0.0160   -0.0005

TAYMCM
    1.0000    0.6465    0.5062    0.7704   -0.2386
    2.0000    0.4443    0.2699    0.6504   -0.0945
    3.0000    0.3131    0.1430    0.5737   -0.0276
    4.0000    0.2240    0.0474    0.5098   -0.0157
    5.0000    0.1623    0.0343    0.4530   -0.0116
    6.0000    0.1197    0.0313    0.4016   -0.0103
    7.0000    0.0906    0.0341    0.3548   -0.0151
    8.0000    0.0708    0.0399    0.3150   -0.0131
    9.0000    0.0571    0.0444    0.2812   -0.0114
   10.0000    0.0475    0.0474    0.2527   -0.0098
   11.0000    0.0406    0.0490    0.2286   -0.0080
   12.0000    0.0353    0.0494    0.2083   -0.0066
   13.0000    0.0312    0.0488    0.1909   -0.0054
   14.0000    0.0278    0.0477    0.1761   -0.0044
   15.0000    0.0249    0.0462    0.1633   -0.0037
   16.0000    0.0225    0.0445    0.1521   -0.0030
   17.0000    0.0204    0.0428    0.1424   -0.0025
   18.0000    0.0186    0.0412    0.1338   -0.0021
   19.0000    0.0170    0.0395    0.1262   -0.0018
   20.0000    0.0157    0.0380    0.1194   -0.0015
   21.0000    0.0145    0.0366    0.1134   -0.0013
   22.0000    0.0134    0.0353    0.1079   -0.0011
   23.0000    0.0125    0.0341    0.1029   -0.0009
   24.0000    0.0117    0.0330    0.0984   -0.0008
   25.0000    0.0109    0.0320    0.0942   -0.0007
   26.0000    0.0103    0.0310    0.0904   -0.0006
   27.0000    0.0096    0.0300    0.0868   -0.0005
   28.0000    0.0091    0.0291    0.0834   -0.0004
   29.0000    0.0085    0.0283    0.0803   -0.0004
   30.0000    0.0080    0.0275    0.0773   -0.0004
   31.0000    0.0075    0.0267    0.0745   -0.0003
   32.0000    0.0070    0.0259    0.0719   -0.0003
   33.0000    0.0065    0.0252    0.0693   -0.0003
   34.0000    0.0061    0.0245    0.0670   -0.0003
   35.0000    0.0057    0.0239    0.0647   -0.0003
   36.0000    0.0053    0.0233    0.0626   -0.0003
   37.0000    0.0049    0.0227    0.0605   -0.0003
   38.0000    0.0045    0.0221    0.0586   -0.0003
   39.0000    0.0042    0.0216    0.0569   -0.0002
   40.0000    0.0039    0.0211    0.0552   -0.0002
