   2.0509107042292396e-03  -1.6341953679784027e-03  -4.9592896192242808e-04  -8.3440170732202443e-04   8.1297712553625434e-04  -2.0476275033925491e-04   8.0166223109778823e-04   1.8674896858685076e-03  -4.4839447501940901e-03
   1.1700095936523283e-03  -5.9040217962761030e-03  -3.9977795255906560e-03   8.0211929378767269e-04  -3.8669611026399814e-04   2.1444622436759780e-03   2.0629636661342321e-03  -4.6588910160346875e-03  -2.0594944317657844e-03
  -9.3906283187575722e-03   4.6657066276533515e-04   3.7386360895544199e-03   3.2063542944667532e-04  -1.7569559305382480e-03   1.6788966483863503e-03   6.5789626141213298e-04  -1.2578444930000851e-03  -1.5788895887358653e-02
   3.5525800690895310e-03   1.7299065674654598e-03   2.9780961189674617e-03   1.0949949106276266e-03  -6.9918586883650758e-04  -9.3242596763000896e-04   7.1977036388809468e-04  -1.8847764006801463e-03   2.3015205689031145e-02
  -2.6017201559930285e-03   6.2360112479553642e-04  -1.2587288374422128e-03   3.0612550732376592e-04   7.3638642865775361e-04  -1.5798436014489458e-04   8.3199712974785223e-04   3.1909505785077895e-03   2.1576102949292238e-02
   3.5650770462782163e-03  -2.1335360831590405e-04   1.0542505439462753e-04  -7.2676570117501474e-05  -2.8569684464399553e-04   8.5064072306254446e-04  -1.6250629816771952e-04   2.8071741146969137e-04   3.3525223583546808e-02
  -7.9044569474913623e-04   1.8645998704341221e-04   7.9129782282717331e-05   4.6577899452276191e-03  -7.1382868179825632e-04   8.0809505197022098e-04  -1.3895550476408788e-04  -1.0358314320642631e-03   2.0148428040408724e-02
  -4.7934042836017907e-03  -3.7546270047675231e-03   8.2931811448434009e-04   1.0759012259962777e-03   1.1490149486176325e-04   8.5122587133737112e-05   8.8587624898597828e-04  -4.7515712677223971e-04  -2.9189695680434721e-02
   6.5967599023341022e-03  -6.8341228842982299e-04  -1.0509161202517053e-03  -5.5203889507650687e-04  -7.7922421255249830e-04   2.8657683582877796e-04  -4.1554805920362991e-04  -1.0085264040297583e-03   2.7865425817635178e-02
   6.7187718328843528e-03  -1.5607827047577211e-03  -2.5162834465771943e-03  -2.8015776029603507e-04   6.1079645067255148e-05   1.7367962898858526e-03  -3.8533960259162791e-04  -1.5150188493989155e-03   1.2017937674456023e-02
  -6.3456066493276558e-04  -8.2639897109604982e-04  -1.2133476225149426e-03   1.2096033842051894e-03   1.6442531953249348e-04  -1.4665157500251111e-03   2.1184172882385269e-04  -5.0895173821009143e-03   2.2242769051438401e-02
  -4.9297972412946738e-04   8.6630218282158361e-04   5.2354340297465041e-04  -2.1040885742309380e-03   9.7947709674275885e-04   9.7894435667931524e-04   1.7139406496197075e-05  -3.1598622828334777e-04   1.4880102487229150e-03
   7.1090273129178160e-04  -1.3163154178138792e-03  -7.2237401657133246e-05  -2.7758446981050477e-03  -1.5013798396548703e-04   6.6685729157679903e-04   1.2628049922253074e-04   1.8389574131284917e-03  -1.1512574276853369e-02
  -7.7678246520769252e-04   1.4480280260816408e-03  -3.2993758360638590e-05  -1.5689235357853573e-03   2.2601476206000890e-04  -1.1425726592046805e-03  -1.5409146240777391e-04  -1.1214265936864488e-03   2.2486520383896199e-02
   1.2775316530024715e-03   4.7338562308239102e-04   4.4613996439302786e-04  -2.1562767884901828e-03   1.2141349981302505e-03  -8.9616140546094512e-04   1.5995597527476693e-04  -8.4286211476047510e-04   1.8306562361918296e-02
   1.9709936311866619e-04   1.1463822323235437e-03   7.2731342513985143e-04   4.8953471805840941e-05  -2.1781742992147408e-03  -1.4970611832511269e-04   2.1993789907320807e-04   1.7360320310625744e-03   2.4903632874968547e-03
  -1.5106286200543759e-03   1.2509005108533172e-04  -4.9357100909048883e-04   4.9483880110321437e-03   4.5506855314875189e-04  -1.4569825588524078e-03   7.5403662055609211e-04   2.5267163215375826e-03   9.3376643905291861e-03
   1.4103970238507244e-03   5.3791194232467171e-04   3.7370980027598931e-04   1.4883170353361887e-03   1.6215497018742529e-03   2.7560262070460708e-04  -2.8333874378486123e-04  -4.6026054364081718e-03   7.7073478617775129e-03
   5.0154422016910174e-03  -7.7133460250556479e-04  -3.5330158344540352e-04   1.6716162729921694e-03  -2.9052816944985511e-06   7.2350311706669826e-04   1.2278209147340005e-04   2.2288012718200442e-03   3.5847831770683396e-02
  -9.3396865057971160e-04   2.7055670192494691e-04   6.4804214937801998e-04  -1.2688392493799097e-04   1.0877623148015101e-03   4.2159478570664646e-04  -3.1088769210446687e-04  -2.6657883645208460e-05   1.4419189971370370e-02
  -1.4301872079639172e-03   1.1172860759474657e-03   4.2139640643418496e-04  -4.4747650209969871e-04   5.8676504508474437e-04   2.1934097902116191e-03   5.0701136734776487e-04   8.0873290883314009e-04   3.2444592289701195e-02
  -9.8757774409053664e-05  -4.1889523812146251e-04   7.9194979180100976e-05  -1.0447017154026881e-03   1.2079806426760068e-03  -1.2308164571682252e-03   2.6724016293266917e-04   3.0358577963040321e-03  -2.6269143131223412e-02
  -8.7955138813246010e-04   1.5871318002764062e-03  -1.1414466517407395e-03  -5.7248519349073046e-04   1.5159941330975116e-03   3.7196574752949461e-04  -7.4905523965054799e-04   1.9756006372640027e-04  -1.8894280031791940e-02
   1.2799251976104012e-03  -1.7709392489374254e-03   6.3915925234381884e-04   3.8276746886850105e-04  -2.8544154243524683e-04  -5.0153160559249406e-04   4.8377152091796927e-04   4.7871546856641238e-05  -2.2770235046468020e-02
  -5.0573846317372545e-05  -8.2170005592285128e-04  -2.7319743384621176e-04   1.8259737180042540e-03   2.8620007754200089e-04   1.2574350924009880e-03  -6.1027297370178102e-04  -4.8284556201396980e-03  -1.8748429246645323e-02
   1.1417279038178061e-03  -4.9228310555417265e-04  -3.5280421098373566e-04  -1.2503621233700595e-03   1.3678352031492589e-03  -1.6274274049662800e-03  -5.4545037284836628e-04   2.5821784527988892e-03  -1.0141206218290398e-02
   2.1541679898430969e-04   1.3768173549314686e-03  -2.3560848310831550e-04  -3.1391009084712940e-03   1.7092025214777427e-03  -1.1380213193682160e-03  -1.4959292627309004e-04  -1.2673523997953939e-03  -1.3636861159050715e-02
   2.0140149645575872e-03  -3.1915022127752130e-04   2.6575422448804967e-04  -2.3894158290090669e-03  -1.1334535978632374e-03   1.3847427130242050e-04   6.2693618628248393e-04  -3.5104751420045663e-04   5.1572061046480924e-03
   1.4196335016933659e-03  -1.4316583751954048e-03  -1.8550991316607863e-03   1.8972394579886054e-03  -2.7733629822987434e-05   8.0989554006760355e-05   5.0915483746785662e-04  -4.9274506036456256e-03  -3.0243642951834012e-02
   8.9517931708103023e-04   1.1934538863987293e-03   8.0621576193302957e-04  -1.7552765102233554e-04   2.9558914303400014e-04  -4.7704227649835948e-04  -4.9515525172805230e-04   3.2212090366574016e-03  -6.0736469402953288e-03
   8.3359694814252774e-04   8.2810613336523065e-04   9.4079435906322968e-04  -1.5949119718755012e-03  -2.5415713975673876e-04   1.1012379365839110e-06  -1.6254441287866247e-04   1.2794969617424214e-03   1.4955050200452289e-02
  -1.2653067786621553e-03  -1.8196143238593601e-03  -8.7484596820333865e-04   3.3166816903003899e-03   8.2676041373926079e-04  -8.8772880821396077e-04   7.2164256291840079e-04   3.0519949060617137e-03  -3.6611192995879886e-02
  -7.7840306051822877e-04   2.6053809822182208e-03  -3.5824072431092641e-04  -2.2540261219287871e-03  -1.3013677030477425e-03   9.9521804518475261e-04  -7.7498603096493046e-04   7.5115319845518106e-04  -3.8110984737800275e-03
  -3.5552106850914034e-04   5.5251414652094516e-04   8.9004493537758408e-04  -1.2557647234564041e-03  -1.5676143856624411e-04   8.7973157888458580e-04   5.3409670990012248e-04   4.3036719213103159e-04   3.5837767690121143e-03
   1.1375336232293881e-03   1.9800180838837611e-03  -3.8825211959934916e-05  -1.6573431595493608e-03  -6.1591311975349439e-04  -8.2342111459665559e-04   7.7699967374306167e-04   3.3838653586649712e-03   3.5325174261531249e-02
  -7.7880281488393452e-04   2.5044137317008150e-03   2.5187421787386665e-04  -5.4916531584093436e-04   1.3281146551309961e-03  -1.0077365670377921e-03  -1.7008923378117332e-04   2.2601402956569567e-03  -3.7807758037720067e-02
   1.7866507605485282e-04   1.7673527826731622e-04   2.7553918542272068e-04   1.1679904570527689e-03  -9.1231110513574621e-04   1.3770614869989771e-03   4.0103349398187816e-04   2.1234221779607505e-03   2.3397635999536700e-02
  -2.5072384479702287e-04   6.9648849955775138e-04  -2.9665763519857376e-05   7.5205265787173725e-04   9.4817302957700400e-04   7.2009700428093189e-04   5.9419275895866613e-05  -9.4360219856981932e-04   1.7376051317669724e-02
  -1.5632057298243524e-03   1.4638390212829838e-03   1.2892740023978304e-03  -3.4207454883181245e-04   4.4670730491976057e-04  -3.9037456094091739e-04  -5.0295325823870873e-04   2.7483119552083493e-03  -6.9601540437944634e-03
  -1.7715316441743427e-04  -1.2974730289445208e-04  -5.2329420785840019e-04   2.3448748059151190e-05  -4.3781941164860996e-06   1.7642620784283109e-04  -1.9677152681069074e-04   1.8784599399352144e-03  -1.6277057385742474e-02
  -2.6662672216680888e-03   9.8802354538122389e-04   1.1752201706337828e-03  -8.8624200245962688e-04   1.0158124116197568e-03   3.8305781775309865e-04   6.4225438726944739e-04   2.3201912011947550e-03  -1.1867226250999339e-02
  -1.0020606320870274e-03   2.2252480989284895e-04  -1.4380512837223510e-03   1.7477113451108237e-03  -2.9849422819674948e-04  -3.3031596939577846e-04   1.0018614436593243e-03   3.5391166384527139e-04   4.8085837609663775e-03
   1.3287922697812484e-03   8.8510081777753991e-04   3.9776796622255351e-05  -6.7618236465563175e-04  -5.2292249736524121e-04  -1.0893209650829751e-03  -5.1248096311851216e-05   1.3082729266707955e-03  -3.0505991974243859e-02
   3.0512594626508137e-03  -2.1560978882768367e-03  -4.6873726769245777e-04  -1.9692472083929118e-03   6.6952393847626013e-04   1.2850233196408311e-03   2.1067696577162223e-04  -2.1316305610940820e-03  -1.8365299805465526e-02
  -7.0303869951706207e-05  -3.0465014270999319e-03  -8.2172156883067947e-04   6.4263711445243553e-04  -1.4694330018351351e-04  -3.7949547581021413e-04   6.8149355232732789e-04   1.0441373062441707e-02   1.5081920049281548e-02
  -1.4916265883632340e-03  -3.9485145721315090e-04   5.9787781496455973e-04  -2.2925162375536233e-05  -2.5682288211123500e-04  -7.3074032176789479e-04  -7.2935748433011771e-04  -6.4060229871756153e-04   3.4088226269226578e-02
  -1.7232232180450655e-04  -1.6924303557762851e-03   1.2948394638785774e-04   9.3040796772778935e-04  -1.0450393007167544e-03  -1.8872255500807637e-03  -4.5789228432727158e-04  -2.5517697994548513e-04  -1.2744420945411948e-02
  -6.7162506555308815e-04  -3.8186728958888930e-03  -2.5561101864177561e-04   1.4501310469681832e-03  -7.0106486545123959e-04  -3.1802533193801981e-04  -4.5593574899972349e-06   1.5839012681208096e-03  -3.1175654727512377e-02
  -3.3759453207805610e-03   3.6197730145336171e-04   4.9682891095608199e-04  -7.5674643208651466e-04   2.6350626128025795e-04  -6.7002967248599738e-04  -1.3103672503717031e-04   2.2157582337437896e-05   8.8156493720323841e-03
  -1.9477793309063025e-03  -1.7235249325240273e-03   7.2772185550257413e-04  -6.4972185168228949e-04  -4.1498953337198991e-04  -1.8092092452385207e-03   2.2280184480738533e-04  -2.3505168051788134e-03  -5.9527543476320935e-03
  -2.2500325454993418e-03  -1.6179836375247239e-03  -8.5457625183592528e-04  -1.0070416845058263e-03   3.9430590007225036e-04  -2.5333233694546127e-04  -6.4531795765068744e-04  -2.6436259677721599e-03  -3.5041053539140325e-02
  -3.2693656624549362e-03   4.7158188072801699e-04  -6.6068195958782666e-05  -1.3096755635643386e-03   1.7942965094175364e-04  -3.7542600829545600e-04  -2.5645919321776189e-04  -3.1178403474832268e-03   4.6981229317925248e-02
  -6.1209286598617834e-04  -1.1756747680565990e-03  -3.5876309827027945e-04   6.7002451041080126e-04  -2.0319323275759800e-03  -2.3385174971499086e-04   1.0945092803456569e-03  -3.7198619791808658e-03   8.3116292730869273e-03
  -8.0995927434212775e-04   3.2780078804063584e-04   3.5004030873104992e-04  -4.8671566447565709e-04  -9.9970525937756447e-05   1.6215210269314873e-04  -2.5479419612103882e-04   2.8498797384155294e-05  -2.4439381240812793e-02
  -7.4330943714760538e-04   9.6751625416858361e-04   1.3304400164947913e-04  -3.3032300536457650e-04  -5.7188491470998293e-04  -6.7724700072597642e-04  -7.6366529653626458e-04  -2.0735249408009473e-03   1.5435495946526599e-02
  -3.2716342196577796e-03  -1.1160158537535519e-04   1.5065416871407414e-03  -1.8982649981695419e-04  -9.9500810584754449e-05   1.1641021424633061e-03   1.2255526883506163e-04  -1.6698861396621035e-03   2.8116101511446163e-03
  -1.3014108903607101e-03   1.0047779900450859e-03  -8.9098295689652113e-04   1.3746549036775598e-03  -1.4199275173444879e-03  -2.2302954203684455e-04   1.1296451887407568e-04   7.1156710704814083e-04   1.0027121965152650e-03
  -7.9832394267707863e-04   4.7002657225397176e-04   1.9773271400370883e-04   2.2751043989193680e-03  -3.7468652274301456e-04   2.6963055210882012e-04   1.0723362265141469e-04   1.5636099932474533e-03  -1.3244540136377657e-02
   1.2185872117239391e-03   1.2942106149661098e-04  -1.0293097283637734e-04  -5.4624951753185999e-04   1.3795401589780096e-03  -8.0412370646913865e-05   1.3569544868863293e-04   1.0109339350097833e-05  -1.7320488792061713e-02
   8.8739060124326096e-04   1.1333108740071776e-03   3.6639224249432453e-04   1.4443045196718429e-03  -1.3941959885317432e-03   9.3075416050443917e-04   4.3429516797531973e-06  -1.9702649634541019e-03   2.3546488582839582e-03
   2.8384475080710614e-03   5.4166215834199061e-04   9.3910870252103746e-04  -4.2799268601996260e-04  -3.4681184527574066e-04   8.8934324181062934e-05   4.6293620886250764e-04  -1.2785866376693546e-03  -7.9434546552672441e-03
   3.4437731041027163e-03   1.5066126959486573e-03  -5.7817813990667024e-05  -9.2097922162443988e-04  -5.2572485625150534e-04   4.9648887641601052e-04  -5.0240424470277001e-04  -1.8087846815941775e-03  -2.4526408580739286e-02
