  3.9352753242570521e-001
  9.3900015678945492e-001
  9.2117909414787280e-001
  8.9386514435074682e-001
  9.2864864780617762e-001
  8.3804796415016769e-001
  8.1946217303357627e-001
  8.3428100562221263e-001
  5.4749146204441368e-001
  3.0473409634573673e-001
  6.3992225476484799e-001
  8.1297958524412761e-001
  2.8650196538695269e+001
  9.9898283585301883e+001
  1.0182155670839322e+001
  3.5029734165847466e+000
  9.3638233191517397e+000
  1.0086654447226444e+001
  1.1068335540791962e+001
  1.9816026561910398e+000
  7.6855514559469518e-001
  3.4591496570352009e-001
  1.6051347848216171e-001
  2.7569624058316433e-001
  8.5595219718425664e-001
